55 * 1 = 55,5,555
98 * 10 = 980,98,100
70 * 9 = 630,540,610
9 * 53 = 477,495,432
9 * 17 = 153,165,163
9 * 73 = 657,667,677
9 * 5 = 45,53,36
4 * 56 = 224,210,256
2 * 76 = 152,146,198
55 * 5 = 275,225,250
7 * 55 = 385,355,335
88 * 7 = 616,666,636
6 * 64 = 384,367,378
47 * 2 = 94,88,104
5 * 11 = 55,66,77
51 * 5 = 255,225,240
9 * 25 = 225,250,275
8 * 6 = 48,36,46
36 * 9 = 324,374,338
6 * 4 = 24,20,22
4 * 51 = 204,202,214
1 * 96 = 96,100,1
1 * 67 = 67,66,68
74 * 10 = 740,760,730
4 * 89 = 356,374,322
1 * 89 = 89,88,90
73 * 3 = 219,291,76
9 * 52 = 468,61,368
93 * 3 = 279,96,269
4 * 7 = 28,26,24
7 * 72 = 504,506,406
69 * 6 = 414,71,418
5 * 29 = 145,155,135
59 * 5 = 295,305,107
66 * 5 = 330,370,366
4 * 18 = 72,27,69
6 * 7 = 42,56,18
3 * 32 = 96,156,320
15 * 10 = 150,155,145
2 * 56 = 112,118,124
2 * 51 = 102,103,104
90 * 10 = 900,890,90
33 * 7 = 231,251,417
7 * 30 = 210,180,240
10 * 99 = 990,890,880
49 * 6 = 294,306,301
8 * 68 = 544,456,368
25 * 8 = 200,225,220
49 * 3 = 147,135,152
20 * 6 = 120,110,100
30 * 5 = 150,120,180
3 * 99 = 297,303,198
31 * 7 = 217,271,721
8 * 2 = 16,8,32
98 * 6 = 588,568,548
100 * 1 = 100,101,99
3 * 61 = 183,221,197
5 * 45 = 225,235,245
1 * 35 = 35,70,36
65 * 5 = 325,300,295
4 * 77 = 308,307,306
47 * 3 = 141,147,149
8 * 71 = 568,469,670
9 * 63 = 567,72,472
2 * 32 = 64,68,60
62 * 3 = 186,188,196
3 * 42 = 126,168,180
2 * 18 = 36,42,32
1 * 24 = 24,64,42
10 * 27 = 270,280,290
20 * 7 = 140,120,130
21 * 9 = 189,179,199
6 * 12 = 72,27,24
4 * 8 = 32,64,46
2 * 81 = 162,168,164
6 * 4 = 24,26,28
66 * 10 = 660,666,606
1 * 32 = 32,16,64
10 * 12 = 120,140,160
9 * 74 = 666,660,606
7 * 4 = 28,38,83
8 * 86 = 688,866,686
54 * 5 = 270,720,207
8 * 10 = 80,70,90
9 * 82 = 738,748,758
76 * 3 = 228,338,448
10 * 71 = 710,720,671
8 * 45 = 360,340,345
90 * 1 = 90,99,89
82 * 10 = 820,830,840
78 * 9 = 702,747,685
1 * 36 = 36,48,18
88 * 6 = 528,588,504
3 * 14 = 42,46,44
69 * 10 = 690,650,689
9 * 55 = 495,505,485
33 * 1 = 33,44,38
92 * 6 = 552,542,532
7 * 2 = 14,16,12
6 * 40 = 240,200,280
19 * 10 = 190,199,195
56 * 10 = 560,566,550
50 * 4 = 200,300,150
63 * 7 = 441,443,439
6 * 50 = 300,350,250
22 * 8 = 176,185,158
8 * 92 = 736,722,756
89 * 5 = 445,455,440
63 * 3 = 189,199,179
5 * 77 = 385,393,357
78 * 7 = 546,558,542
76 * 5 = 380,375,370
6 * 93 = 558,547,568
40 * 2 = 80,120,100
3 * 90 = 270,290,310
30 * 8 = 240,280,260
3 * 92 = 276,296,314
6 * 53 = 318,312,308
35 * 3 = 105,115,95
7 * 60 = 420,400,460
58 * 1 = 58,57,59
29 * 8 = 232,216,242
5 * 3 = 15,18,12
70 * 2 = 140,150,145
89 * 9 = 801,890,799
10 * 1 = 10,100,11
4 * 3 = 12,14,13
4 * 44 = 176,186,166
5 * 74 = 370,380,360
55 * 10 = 550,450,555
9 * 71 = 639,687,623
58 * 4 = 232,222,212
56 * 8 = 448,456,458
47 * 6 = 282,274,294
5 * 52 = 260,270,265
6 * 22 = 132,147,126
14 * 6 = 84,78,96
29 * 6 = 174,182,184
30 * 9 = 270,280,269
6 * 87 = 522,511,533
30 * 4 = 120,121,122
23 * 6 = 138,140,136
43 * 4 = 172,186,144
6 * 16 = 96,98,92
10 * 76 = 760,770,780
4 * 66 = 264,262,260
37 * 6 = 222,111,333
41 * 6 = 246,228,236
75 * 5 = 375,325,350
49 * 2 = 98,96,94