56 + 92 = 148,138,144
88 - 54 = 34,18,32
47 + 49 = 96,-2,99
67 - 22 = 45,89,55
54 - 6 = 48,62,44
81 + 85 = 166,173,169
17 - 79 = -62,0,-48
84 - 46 = 38,46,42
55 - 61 = -6,5,-7
23 + 99 = 122,111,133
61 + 2 = 63,67,58
48 + 35 = 83,15,88
39 + 66 = 105,103,107
5 - 91 = -86,86,98
37 - 67 = -30,0,20
30 - 6 = 24,14,-22
71 - 37 = 34,37,49
66 - 69 = -3,3,-6
89 + 10 = 99,88,77
84 + 17 = 101,100,99
78 + 58 = 136,116,20
42 - 6 = 36,25,49
93 - 81 = 12,174,7
0 - 86 = -86,86,-68
36 - 31 = 5,33,35
12 - 69 = -57,-47,-67
83 - 26 = 57,44,65
75 + 46 = 121,120,122
28 + 49 = 77,87,67
95 + 31 = 126,106,64
2 - 2 = 0,4,2
25 + 51 = 76,66,82
58 - 74 = -16,16,32
60 + 92 = 152,136,-152
51 + 27 = 78,68,88
38 + 75 = 113,97,117
22 + 50 = 72,28,-28
28 + 7 = 35,21,22
40 + 77 = 117,118,119
59 - 10 = 49,69,-49
59 - 86 = -27,27,145
85 + 22 = 107,89,77
67 + 58 = 125,142,136
16 + 3 = 19,22,29
97 + 36 = 133,61,63
94 - 41 = 53,55,57
89 - 47 = 42,142,24
25 + 11 = 36,14,38
55 + 35 = 90,100,80
81 - 6 = 75,87,42
40 - 82 = -42,42,24
94 + 92 = 186,-186,-168
21 + 1 = 22,33,-22
66 + 56 = 122,222,221
13 - 50 = -37,37,73
92 + 73 = 165,19,156
79 - 94 = -15,-14,-13
65 - 72 = -7,-8,-9
81 + 95 = 176,201,137
93 - 80 = 13,15,25
6 - 96 = -90,74,85
13 + 27 = 40,46,76
92 + 33 = 125,475,234
5 + 37 = 42,36,56
5 - 17 = -12,25,56
50 - 54 = -4,-6,-5
53 + 26 = 79,80,81
36 + 38 = 74,64,84
98 - 48 = 50,40,60
8 + 95 = 103,105,101
32 + 44 = 76,74,66
48 - 78 = -30,126,-126
15 - 71 = -56,-66,66
40 - 46 = -6,86,48
95 - 50 = 45,145,55
13 + 60 = 73,63,83
81 - 64 = 17,15,13
84 - 67 = 17,15,19
29 + 2 = 31,29,27
5 - 2 = 3,7,2
23 - 25 = -2,57,2
20 + 88 = 108,180,18
36 + 64 = 100,132,164
4 + 92 = 96,108,104
44 + 64 = 108,110,106
46 - 56 = -10,10,-20
51 + 57 = 108,106,104
47 - 18 = 29,27,25
58 - 68 = -10,10,6
19 + 68 = 87,-49,49
50 + 14 = 64,54,36
14 - 44 = -30,54,58
86 + 1 = 87,78,76
20 + 4 = 24,28,-24
61 + 80 = 141,114,144
81 + 68 = 149,49,-49
44 + 0 = 44,48,40
76 + 78 = 154,-2,2
30 - 75 = -45,-55,55
45 - 23 = 22,68,-22
70 + 52 = 122,124,126
0 + 9 = 9,0,-9
8 - 67 = -59,-49,49
18 + 48 = 66,-30,30
54 - 34 = 20,-20,-24
53 - 76 = -23,53,33
65 + 19 = 84,64,44
8 + 94 = 102,-86,-76
44 + 8 = 52,62,-62
9 + 39 = 48,46,-30
51 - 35 = 16,-16,-14
42 + 55 = 97,87,107
17 - 92 = -75,73,75
52 + 23 = 75,-73,-75
51 + 17 = 68,69,70
35 + 67 = 102,108,112
91 - 71 = 20,30,40
6 + 99 = 105,106,104
90 - 27 = 63,-63,-53
11 + 42 = 53,-53,63
97 + 87 = 184,164,144
47 - 12 = 35,26,44
74 - 73 = 1,2,-1
68 - 36 = 32,34,-32
73 + 53 = 126,136,116
89 + 1 = 90,98,88
26 - 93 = -67,-57,-77
7 + 70 = 77,70,17
90 + 25 = 115,105,125
27 + 7 = 34,36,46
49 + 71 = 120,122,112
13 + 53 = 66,68,86
87 + 41 = 128,118,46
75 - 29 = 46,-64,64
70 - 79 = -9,-8,-7
3 - 81 = -78,88,-70
88 + 61 = 149,143,142
19 - 40 = -21,-19,19
0 - 98 = -98,-99,-89
0 - 88 = -88,-89,-98
54 + 47 = 101,102,100
70 + 26 = 96,47,44
77 - 51 = 26,29,31
49 + 43 = 92,67,76
28 - 7 = 21,23,-23
37 + 66 = 103,-29,29
6 - 66 = -60,66,16
85 + 19 = 104,105,103
86 + 82 = 168,-66,166
54 + 23 = 77,87,78
65 + 49 = 114,16,-16
60 + 28 = 88,98,108
6 - 63 = -57,-75,75
64 + 42 = 106,-102,110
58 - 37 = 21,31,26
70 - 57 = 13,19,16
22 - 21 = 1,-1,0
35 + 99 = 134,136,124
60 - 31 = 29,31,28
71 - 27 = 44,54,45
27 + 26 = 53,43,-1
77 + 1 = 78,88,91
11 + 47 = 58,78,48
51 + 81 = 132,142,122
28 - 26 = 2,4,0
59 - 37 = 22,32,-23
65 - 62 = 3,8,-5
7 + 29 = 36,38,40
43 - 0 = 43,42,41
64 + 37 = 101,99,100
99 - 63 = 36,-37,38
8 - 61 = -53,54,-54
91 - 69 = 22,23,33
78 + 16 = 94,62,30
43 - 48 = -5,-7,-9
54 + 95 = 149,-139,139
63 + 99 = 162,172,182
5 + 98 = 103,101,99
73 + 25 = 98,99,88
90 - 86 = 4,6,8
56 + 65 = 121,111,117
8 + 55 = 63,65,61
80 + 35 = 115,125,110
52 - 10 = 42,52,45
63 - 32 = 31,33,41
94 + 86 = 180,190,170
70 + 59 = 129,131,127
70 - 14 = 56,58,32
93 - 90 = 3,4,5
30 + 2 = 32,33,28
42 - 11 = 31,23,32
40 + 8 = 48,46,50
31 - 4 = 27,35,33
40 - 91 = -51,131,69
16 - 65 = -49,-47,-43
70 - 25 = 45,35,40
83 - 76 = 7,8,9
23 + 25 = 48,52,53