5 * 1 = 5,15,10
9 * 7 = 63,72,54
8 * 6 = 48,40,46
6 * 9 = 54,55,56
2 * 1 = 2,4,0
3 * 5 = 15,9,13
4 * 8 = 32,36,30
2 * 2 = 4,2,6
10 * 5 = 50,100,5
5 * 4 = 20,22,17
2 * 8 = 16,18,12
8 * 8 = 64,74,54
3 * 2 = 6,9,12
3 * 9 = 27,21,32
2 * 10 = 20,30,50
7 * 10 = 70,90,40
3 * 8 = 24,28,21
9 * 1 = 9,18,13
8 * 5 = 40,48,60
3 * 7 = 21,27,18
4 * 3 = 12,4,14
7 * 4 = 28,27,29
4 * 6 = 24,26,20
1 * 9 = 9,1,18
1 * 3 = 3,6,2
1 * 10 = 10,100,11
10 * 7 = 70,75,65
4 * 2 = 8,10,2
10 * 10 = 100,1000,10
6 * 3 = 18,24,12
9 * 10 = 90,45,30
6 * 5 = 30,40,50
4 * 9 = 36,27,18
1 * 4 = 4,0,12
10 * 8 = 80,88,8
10 * 2 = 20,22,12
5 * 7 = 35,53,12
2 * 5 = 10,7,12
7 * 1 = 7,8,9
8 * 4 = 32,36,16
8 * 3 = 24,26,28
8 * 7 = 56,64,15
8 * 9 = 72,80,17
2 * 3 = 6,12,5
5 * 10 = 50,55,15
3 * 3 = 9,12,6
7 * 6 = 42,47,56
7 * 8 = 56,42,15
2 * 4 = 8,10,2
7 * 5 = 35,49,12
9 * 8 = 72,64,80
1 * 1 = 1,0,2
4 * 1 = 4,8,1
7 * 7 = 49,42,56
1 * 6 = 6,3,12
1 * 7 = 7,8,14
6 * 8 = 48,42,56
6 * 10 = 60,66,16
8 * 2 = 16,32,19
9 * 9 = 81,91,71
9 * 3 = 27,12,72
2 * 9 = 18,16,11
5 * 3 = 15,35,12
10 * 4 = 40,44,36
1 * 2 = 2,0,1
4 * 10 = 40,44,36
4 * 4 = 16,18,14
2 * 6 = 12,8,26
1 * 5 = 5,10,15
9 * 6 = 54,42,56
3 * 4 = 12,14,7
9 * 4 = 36,42,13
7 * 9 = 63,54,17
8 * 10 = 80,88,2
3 * 10 = 30,27,33
3 * 6 = 18,32,36
4 * 7 = 28,49,11
9 * 5 = 45,54,44
5 * 6 = 30,32,13
1 * 8 = 8,18,9
10 * 6 = 60,66,72
2 * 7 = 14,7,17
3 * 1 = 3,2,4
10 * 3 = 30,29,27
6 * 2 = 12,21,8
10 * 1 = 10,11,12
5 * 9 = 45,44,42
7 * 3 = 21,31,10
6 * 6 = 36,66,30
6 * 1 = 6,12,7
5 * 8 = 40,50,42
4 * 5 = 20,25,9
5 * 2 = 10,7,25
6 * 7 = 42,36,35
10 * 9 = 90,99,100
7 * 2 = 14,7,9
5 * 5 = 25,55,45
9 * 2 = 18,19,21
8 * 1 = 8,18,9
6 * 4 = 24,36,28