5 + 3 = 8,2,-8
9 - 1 = 8,-9,-10
1 + 6 = 7,12,5
2 + 9 = 11,7,3
5 - 0 = 5,2,0
2 + 0 = 2,1,0
2 - 5 = -3,-5,7
3 + 0 = 3,4,5
7 + 4 = 11,1,-1
6 - 5 = 1,11,-11
6 + 4 = 10,3,9
9 - 9 = 0,-2,5
9 - 0 = 9,0,-1
0 - 2 = -2,4,0
8 + 3 = 11,3,8
1 - 8 = -7,4,-2
7 + 6 = 13,12,11
4 - 6 = -2,-3,-1
2 + 3 = 5,-5,15
9 + 4 = 13,12,5
8 + 7 = 15,1,-1
0 + 6 = 6,0,3
3 - 6 = -3,3,4
4 + 4 = 8,0,10
4 + 9 = 13,15,17
6 + 5 = 11,1,0
7 - 1 = 6,8,10
1 - 5 = -4,-2,0
4 - 0 = 4,2,0
0 - 9 = -9,8,9
8 - 6 = 2,3,4
7 - 4 = 3,10,12
8 + 4 = 12,3,-5
8 + 6 = 14,-7,12
6 - 2 = 4,14,-7
6 + 9 = 15,-3,1
5 + 5 = 10,2,-12
8 - 7 = 1,2,3
4 - 1 = 3,0,9
9 - 7 = 2,0,-2
1 + 0 = 1,0,2
8 - 1 = 7,9,-3
8 - 2 = 6,2,-8
0 - 7 = -7,9,-2
6 - 1 = 5,6,7
2 - 3 = -1,-2,-3
0 + 0 = 0,10,20
1 + 9 = 10,0,1
0 + 7 = 7,-7,17
0 + 5 = 5,15,-15
9 + 9 = 18,19,17
9 + 1 = 10,5,2
5 - 9 = -4,-7,3
3 + 4 = 7,2,9
0 - 5 = -5,-7,-2
1 - 4 = -3,2,3
2 - 6 = -4,7,1
8 - 0 = 8,2,10
2 - 1 = 1,0,-1
1 - 2 = -1,3,-3
5 + 1 = 6,4,2
3 + 9 = 12,14,10
7 - 2 = 5,15,-15
5 - 2 = 3,-4,5
7 + 8 = 15,2,12
8 - 4 = 4,8,12
5 - 6 = -1,-8,13
1 - 0 = 1,0,2
4 - 2 = 2,6,7
8 + 5 = 13,12,11
5 + 2 = 7,4,1
4 + 0 = 4,-2,2
4 - 3 = 1,2,3
1 + 5 = 6,8,4
2 + 2 = 4,-4,0
0 + 3 = 3,0,5
3 - 3 = 0,10,-6
5 - 1 = 4,3,2
4 + 1 = 5,3,4
2 - 9 = -7,-6,-5
2 + 6 = 8,7,6
5 + 0 = 5,-5,0
5 + 6 = 11,2,15
8 - 5 = 3,19,13
7 + 0 = 7,4,14
1 + 7 = 8,0,-3
1 + 4 = 5,-6,9
4 - 5 = -1,-2,-3
2 - 0 = 2,12,-12
3 + 2 = 5,4,-4
7 + 1 = 8,-8,9
4 - 7 = -3,2,-4
0 - 4 = -4,9,-10
9 + 0 = 9,0,2
6 + 8 = 14,12,10
8 + 0 = 8,-8,-4
0 - 0 = 0,2,-2
1 + 1 = 2,-2,4
3 - 9 = -6,9,3
3 + 3 = 6,2,4
6 + 2 = 8,-8,2
4 - 4 = 0,2,9
8 - 3 = 5,7,1
1 + 8 = 9,-4,13
6 + 6 = 12,19,-2
2 - 8 = -6,7,3
5 + 8 = 13,11,3
8 + 9 = 17,-7,4
1 + 3 = 4,3,2
0 - 3 = -3,-7,9
8 - 8 = 0,2,-4
6 - 0 = 6,-6,2
0 - 8 = -8,4,6
3 + 7 = 10,0,-1
3 - 8 = -5,4,3
4 + 3 = 7,-7,2
6 - 9 = -3,9,5
9 - 2 = 7,2,-5
2 + 1 = 3,2,1
2 + 5 = 7,14,9
9 - 8 = 1,2-4
3 - 5 = -2,-8,6
7 + 9 = 16,3,-9
9 - 6 = 3,8,-2
9 + 5 = 14,-12,0
0 + 9 = 9,12,-7
0 - 6 = -6,6,3
5 + 4 = 9,0,10
2 - 7 = -5,3,9
9 + 2 = 11,9,7
7 + 5 = 12,14,-4
3 - 1 = 2,12,9
9 + 8 = 17,7,4
9 + 3 = 12,8,6
0 - 1 = -1,-3,5
1 - 6 = -5,5,3
4 + 7 = 11,9,3
1 - 7 = -6,10,2
6 + 7 = 13,15,1
9 - 5 = 4,14,2
3 - 4 = -1,-9,5
8 + 1 = 9,4,7
8 + 2 = 10,12,4
3 + 8 = 11,8,3
5 - 4 = 1,2,3
6 - 3 = 3,2,1
8 + 8 = 16,18,14
7 - 3 = 4,6,-5
9 - 3 = 6,3,9
6 - 8 = -2,-4,6
4 + 8 = 12,14,8
7 - 9 = -2,9,4
3 - 7 = -4,9,3
3 + 6 = 9,3,-3
1 - 9 = -8,18,14
4 + 6 = 10,0,5
7 + 3 = 10,4,2
9 + 7 = 16,18,15
9 + 6 = 15,13,17
6 - 4 = 2,4,-1
0 + 1 = 1,2,0
1 - 1 = 0,1,-1
0 + 8 = 8,-8,-4
2 + 4 = 6,12,4
8 - 9 = -1,7,-3
6 + 0 = 6,9,4
5 - 7 = -2,-5,3
6 - 7 = -1,1,2
7 + 7 = 14,16,-12
7 - 7 = 0,4,-7
3 - 0 = 3,2,1
7 - 5 = 2,5,12
2 + 8 = 10,12,6
2 + 7 = 9,2,6
7 - 0 = 7,-4,2
6 + 3 = 9,-3,11
0 + 2 = 2,0,-2
3 - 2 = 1,-1,5
2 - 2 = 0,4,2
9 - 4 = 5,3,7
5 - 8 = -3,-4,9
1 + 2 = 3,2,0
7 - 6 = 1,2,3
7 - 8 = -1,-2,-3
4 + 2 = 6,8,4
3 + 5 = 8,9,11
5 + 9 = 14,4,1
5 + 7 = 12,17,11
6 - 6 = 0,6,12
7 + 2 = 9,19,29
3 + 1 = 4,3,-1
1 - 3 = -2,6,3
5 - 5 = 0,1,10
5 - 3 = 2,8,12
4 + 5 = 9,8,7
2 - 4 = -2,-3,-1
4 - 9 = -5,5,13
4 - 8 = -4,-12,8
0 + 4 = 4,0,9
6 + 1 = 7,1,11